bios: -4.698486149401306
weights: [11.622314836615741, -0.9201756811594944, -13.808693221129026]
time took to train: 9605.131572961807